-6.181677694806318735e-02 2.148793271888414513e-01 3.401729000805155112e-02
-7.624183848924125095e-02 2.650218236381503001e-01 2.654923388233203230e-02
-9.064457423906080447e-02 3.150867141160235141e-01 1.988993170312811087e-02
-1.055070501292758728e-01 3.667496926361266119e-01 1.392973485234158537e-02
-1.200402764781294263e-01 4.172681773243296366e-01 9.062329754699019468e-03
-1.346771703231112449e-01 4.681470172901640026e-01 5.175329756820973293e-03
-1.494359800995400667e-01 5.194496453377508427e-01 2.331501447144126993e-03
-1.638315695557880647e-01 5.694896948124148484e-01 6.290371645769760045e-04
-1.787182174933714951e-01 6.212366970155975832e-01 1.026616651716993900e-06
-1.930940042089267505e-01 6.712079108147923634e-01 4.942543684130218384e-04
-2.076748456053325309e-01 7.218919086514840044e-01 2.092766846816890292e-03
-2.220838070089343474e-01 7.719784399259514984e-01 4.741657203744004123e-03
-2.368208605189193738e-01 8.232054417094980536e-01 8.520218022197739716e-03
-2.513693856616767142e-01 8.737771060473552565e-01 1.326954740781124964e-02
-2.659317419658088766e-01 9.243968484442313116e-01 1.898452760474635126e-02
-2.806837851780206727e-01 9.756759554537096646e-01 2.568950719016808992e-02
-2.951786107565643746e-01 1.026060956448729300e+00 3.310158618622817406e-02
-3.099049225013683628e-01 1.077250619124854314e+00 4.138411992001178596e-02
-3.243636108946696961e-01 1.127510004802564580e+00 5.016330049232253785e-02
-3.388142257193684226e-01 1.177741326205898442e+00 5.948188919719583218e-02
-3.532556517019180831e-01 1.227940706568043883e+00 6.923652884659325935e-02
-3.680542607640844288e-01 1.279381679643697423e+00 7.957948119887602034e-02
-3.831343402360615769e-01 1.331801063035607413e+00 9.035890732199852726e-02
-3.973014429317772156e-01 1.381046876967774395e+00 1.005925424662927059e-01
-4.121292395928846664e-01 1.432589308125397976e+00 1.112949619535315848e-01
-4.264988949303838428e-01 1.482539208836844091e+00 1.215440463190314430e-01
-4.413143862592446842e-01 1.534038865821427233e+00 1.318663745637262963e-01
-4.556037300132518286e-01 1.583709597998403495e+00 1.414770046275320992e-01
-4.702361022174667560e-01 1.634572720432950321e+00 1.508586397316917238e-01
-4.848118429100309879e-01 1.685238987875665284e+00 1.596380592610287252e-01
-4.994068587033366757e-01 1.735972256881439524e+00 1.677652898307425144e-01
-5.140629369674230009e-01 1.786917783194786891e+00 1.751669528936410924e-01
-5.284873007023463964e-01 1.837057854022024816e+00 1.816277363102432318e-01
-5.433312586005476508e-01 1.888656462740574415e+00 1.873487102432415674e-01
-5.578048010883229768e-01 1.938967482262431208e+00 1.919584938584119327e-01
-5.725184008158563653e-01 1.990112957100671709e+00 1.956120953271875407e-01
-5.869467671221159089e-01 2.040266941138500378e+00 1.981441357915672830e-01
-6.014479265918224460e-01 2.090673959170621821e+00 1.996125669110644374e-01
-6.161511834980833990e-01 2.141783481657640209e+00 1.999832380322147940e-01
-6.306606612109311172e-01 2.192219414469499750e+00 1.992411517639816054e-01
-6.456833278715444768e-01 2.244439227018558469e+00 1.973220314123068087e-01
-6.598946559739304885e-01 2.293838771476630622e+00 1.944491015718139426e-01
-6.746941269263500018e-01 2.345282740541509980e+00 1.903976844609433505e-01
-6.892113203194497606e-01 2.395745493583462338e+00 1.854174971799997240e-01
-7.038328846825347984e-01 2.446571047226088869e+00 1.794502692094032126e-01
-7.182149054841586722e-01 2.496563931133079617e+00 1.727140359678113746e-01
-7.328052254616022054e-01 2.547280877163071722e+00 1.650770998928764444e-01
-7.475156101380515672e-01 2.598415176264758042e+00 1.566442812578288379e-01
-7.619538239724354955e-01 2.648603390981090655e+00 1.477437121076245474e-01
-7.767334259699792964e-01 2.699978294205490403e+00 1.380945294382363575e-01
-7.912519974198447548e-01 2.750445837466623633e+00 1.281915110828610593e-01
-8.059319745805151314e-01 2.801474437972319098e+00 1.178629325939199585e-01
-8.206340148875590490e-01 2.852579731477593139e+00 1.073171598609363314e-01
-8.352127827709259211e-01 2.903256521641728760e+00 9.677786473254257338e-02
-8.495494273661428064e-01 2.953091674764545704e+00 8.644785709325777945e-02
-8.640590558925055342e-01 3.003528131814455548e+00 7.614196281831490942e-02
-8.789440643724462099e-01 3.055269435151203972e+00 6.584330732793766683e-02
-8.933344476521560829e-01 3.105291387601613717e+00 5.626183280063967729e-02
-9.081034721067514637e-01 3.156629522566258395e+00 4.692157830327229467e-02
-9.228754405351594636e-01 3.207977890984398339e+00 3.818496543416027844e-02
-9.373644058129183554e-01 3.258342521174728112e+00 3.030023510484780580e-02
-9.521286161231741207e-01 3.309663921845743317e+00 2.305318426263022746e-02
-9.665425691638316330e-01 3.359767804390611179e+00 1.682348292671623224e-02
-9.810811730996344959e-01 3.410304981937332780e+00 1.145535694565050222e-02
-9.955194065632751999e-01 3.460493264886299158e+00 7.092614884412359877e-03
-1.010271816372592335e+00 3.511773646212285271e+00 3.681146476698801684e-03
-1.025401049577030710e+00 3.564363891326232103e+00 1.321105097932415151e-03
-1.039416602660586442e+00 3.613082908484054112e+00 1.880608096017644115e-04
-1.054228065568315387e+00 3.664568562402394925e+00 1.049052657445537218e-04
-1.068617009277039509e+00 3.714585510806004631e+00 1.121402087276540671e-03
-1.083507654394825215e+00 3.766346407479829850e+00 3.300106757687978898e-03
-1.097845570882940214e+00 3.816185981788992709e+00 6.457694222026549857e-03
-1.112380498203656698e+00 3.866710379171249379e+00 1.068475071283300770e-02
-1.126715889152890337e+00 3.916541174535238756e+00 1.582033757460234169e-02
-1.141522447511111205e+00 3.968009779905426804e+00 2.207358321686705982e-02
-1.156082777301833397e+00 4.018622478003657683e+00 2.909429293657977977e-02
-1.170784876220179349e+00 4.069727975245809759e+00 3.698054726508832879e-02
-1.185444725651546793e+00 4.120686610393490490e+00 4.555336561468096429e-02
-1.200094838003917586e+00 4.171611398791359449e+00 5.473166829149922474e-02
-1.214712652073086208e+00 4.222423916156889057e+00 6.439608491611757690e-02
-1.229272530943839481e+00 4.273035046826595185e+00 7.441776673954721144e-02
-1.243678894788540434e+00 4.323112548809395328e+00 8.461327436055199325e-02
-1.258244904899115557e+00 4.373744992086338712e+00 9.509104955372675583e-02
-1.272942127882433327e+00 4.424833540246218888e+00 1.057180886931149144e-01
-1.287812642644466044e+00 4.476524462432310614e+00 1.164042017402372869e-01
-1.302026678478412469e+00 4.525933419149718695e+00 1.264429843955197919e-01
-1.316892399416533355e+00 4.577607677677372422e+00 1.366414711145184646e-01
-1.331370945291271646e+00 4.627936089313107182e+00 1.461683372318987040e-01
-1.346077542903506785e+00 4.679057224321637065e+00 1.553266947463886882e-01
-1.360410919089237503e+00 4.728881016230459089e+00 1.636514040928434000e-01
-1.374976337142723049e+00 4.779511401476631782e+00 1.714100186366722400e-01
-1.389543463770952503e+00 4.830147725844990525e+00 1.783772994151723579e-01
-1.404165178394615854e+00 4.880973801803621726e+00 1.844961315423651604e-01
-1.418917598018561321e+00 4.932254217245924721e+00 1.897122880853260307e-01
-1.433312066533660500e+00 4.982290370252805189e+00 1.938183412922227788e-01
-1.448129627781471029e+00 5.033797222416644956e+00 1.969830811791269953e-01
-1.462768927316280498e+00 5.084684424724178697e+00 1.990165966828648103e-01
-1.477312463310197721e+00 5.135238746440842661e+00 1.999382347429531637e-01
-1.491746930168286189e+00 5.185413936412355262e+00 1.997601674632852320e-01
-1.506323708861477817e+00 5.236083812015952077e+00 1.984775010216222046e-01
-1.521088934087249100e+00 5.287408740602427493e+00 1.960630218374650457e-01
-1.535478000962647638e+00 5.337426117141787607e+00 1.926562978873681553e-01
-1.550324897581761840e+00 5.389034941054395844e+00 1.880902600395112367e-01
-1.564814553062894298e+00 5.439401970438663803e+00 1.826547694701356472e-01
-1.579470970139011277e+00 5.490348674485706404e+00 1.762339511112681334e-01
-1.594051854111551370e+00 5.541032820319941266e+00 1.689964992115352560e-01
-1.608703363735241920e+00 5.591962465728089526e+00 1.609516273475526671e-01
-1.622961152076651814e+00 5.641523509141547876e+00 1.524653475549480608e-01
-1.637518706953991154e+00 5.692126561451853028e+00 1.432259838929620666e-01
-1.652194725087099192e+00 5.743141400108081385e+00 1.334268809629675645e-01
-1.666773610884240808e+00 5.793818600148529896e+00 1.233197325936786770e-01
-1.681488922642373263e+00 5.844970026121743878e+00 1.128555626232296272e-01
-1.696015774320974057e+00 5.895466352021951906e+00 1.023821418331332667e-01
-1.710665285078095010e+00 5.946389049233756552e+00 9.179399440417913836e-02
-1.725326830228425479e+00 5.997353578816054132e+00 8.128937320255201493e-02
-1.739878181569454840e+00 6.047935067211605009e+00 7.107134688013418133e-02
-1.754286537369015075e+00 6.098019493365174348e+00 6.126891295201392779e-02
-1.768960228191088335e+00 6.149026242129725262e+00 5.171871769121145351e-02
-1.783851558535816340e+00 6.200789520699074409e+00 4.258306304377251078e-02
-1.798249851714832870e+00 6.250838968498240611e+00 3.438180328641991801e-02
-1.813089025050813818e+00 6.302420945752622572e+00 2.667454507434327549e-02
-1.827564187366975235e+00 6.352737595908280355e+00 1.996907960060145815e-02
-1.842065778127393916e+00 6.403146113136293671e+00 1.413056298551498835e-02
-1.856977625192471004e+00 6.454980709223028690e+00 9.112017405116162871e-03
-1.871360989077607284e+00 6.504978261779790216e+00 5.271876971027641967e-03
-1.885866534303859643e+00 6.555400525000391276e+00 2.436967959508290482e-03
-1.900257289295340213e+00 6.605423769546234780e+00 6.850297248306852493e-04
-1.915044017127793596e+00 6.656823442658141410e+00 5.148867580156979429e-06
-1.929639523652518562e+00 6.707558417479753565e+00 4.550704188778925685e-04
-1.944221535201449358e+00 6.758246482846324454e+00 2.011763100752281264e-03
-1.959059141376275459e+00 6.809823012541788678e+00 4.713770729295130302e-03
-1.973414779074460501e+00 6.859724186984196947e+00 8.372317571652299062e-03
-1.988265059252151579e+00 6.911344772376882162e+00 1.319526149192415398e-02
-2.002606156923970815e+00 6.961195404697281042e+00 1.880349369026759754e-02
-2.017217907349842410e+00 7.011986844425698528e+00 2.541513735858913492e-02
-2.031937845392032926e+00 7.063154351677408904e+00 3.291737709992340055e-02
-2.046541034835503758e+00 7.113916032847888538e+00 4.111126823984130596e-02
-2.061226281483977019e+00 7.164962950452107293e+00 5.001313420527894738e-02
-2.075587341142290487e+00 7.214882971997227834e+00 5.926434860828869167e-02
-2.090402865094423301e+00 7.266382742382526239e+00 6.926750695701205940e-02
-2.104930765694153383e+00 7.316882714404024490e+00 7.941966738934082282e-02
-2.119630007173297415e+00 7.367978278992882046e+00 8.992224736321163814e-02
-2.134046679418954096e+00 7.418091613679539620e+00 1.003343014334636407e-01
-2.148508372609117423e+00 7.468361444235807056e+00 1.107750778992943191e-01
-2.163092143464744765e+00 7.519055625072286198e+00 1.211843217732376798e-01
-2.177676350863983590e+00 7.569751323364093842e+00 1.313583360682279710e-01
-2.192587682591953246e+00 7.621584128103942923e+00 1.413991169183602403e-01
-2.206861922324048209e+00 7.671202357671973893e+00 1.505615936188976489e-01
-2.221747085073359163e+00 7.722944197259560717e+00 1.595410337993427019e-01
-2.236162564081379145e+00 7.773053384170918179e+00 1.675807271384645025e-01
-2.250846769826306826e+00 7.824096683523513285e+00 1.750148293078984119e-01
-2.265224914679124346e+00 7.874076094368450462e+00 1.814750939197332658e-01
-2.279839298051852925e+00 7.924876686399480619e+00 1.871386405891495297e-01
-2.294561238278233883e+00 7.976051153379811076e+00 1.918599293797998706e-01
-2.309004360809152168e+00 8.026256431059641372e+00 1.954805363481839642e-01
-2.323796271733031826e+00 8.077674120950380399e+00 1.981089114360272962e-01
-2.338814616916003786e+00 8.129878911748809500e+00 1.996292093447025184e-01
-2.352971470236767892e+00 8.179089098155531090e+00 1.999867638704894424e-01
-2.367654684289526301e+00 8.230128950318597703e+00 1.992507444980064768e-01
-2.382203426183513439e+00 8.280701368098492665e+00 1.974179754376918505e-01
-2.396600574092161651e+00 8.330746834859850125e+00 1.945428929656568551e-01
-2.411130107376058707e+00 8.381252482202718568e+00 1.906027176169338977e-01
-2.426049517372594000e+00 8.433113367554335937e+00 1.855166513218386992e-01
-2.440355855501234128e+00 8.482843173335071540e+00 1.797040334027186770e-01
-2.455152517672891221e+00 8.534277378886706344e+00 1.727957471112021304e-01
-2.469635525609454874e+00 8.584621300953271472e+00 1.652263292068516520e-01
-2.484356238316117071e+00 8.635791500991448544e+00 1.568001371810590072e-01
-2.498968338336287065e+00 8.686584155933459783e+00 1.477994380850267409e-01
-2.513478588225390276e+00 8.737022772882578892e+00 1.383332178520718936e-01
-2.527903196081915382e+00 8.787163692293132655e+00 1.285043916708989431e-01
-2.542417938444368808e+00 8.837617925385611528e+00 1.183013912316359384e-01
-2.557216764119530694e+00 8.889059651422790864e+00 1.076919079829667669e-01
-2.571716420983455098e+00 8.939461446294867386e+00 9.721067344814078581e-02
-2.586407395919049890e+00 8.990528275815290016e+00 8.662295267933048382e-02
-2.601282135947719176e+00 9.042233885316004915e+00 7.605703458475145118e-02
-2.615523270247102960e+00 9.091737038145026872e+00 6.619917707885933367e-02
-2.630383268289236298e+00 9.143391403496424985e+00 5.629658096238396997e-02
-2.644738316833249669e+00 9.193290529998805027e+00 4.720843522421827587e-02
-2.659169507402502575e+00 9.243454331367166432e+00 3.864556161235316312e-02
-2.673637863066528286e+00 9.293747321136379469e+00 3.073139944453183448e-02
-2.688512831458100383e+00 9.345453724442098320e+00 2.338597397093335195e-02
-2.702866609491557881e+00 9.395348434563247864e+00 1.713730434593249696e-02
-2.717660929837588668e+00 9.446774499769498235e+00 1.163165093274061423e-02
-2.732222654549649299e+00 9.497392046709313362e+00 7.199759995144272562e-03
-2.746764420178133825e+00 9.547940214515149293e+00 3.800639565858882074e-03
-2.761510236907158244e+00 9.599197677844964360e+00 1.440033774180768389e-03
-2.776137298706246259e+00 9.650042340949582353e+00 2.053601162521206946e-04
-2.790418978341358880e+00 9.699686432127256452e+00 7.688756031301591243e-05
-2.804902066730228682e+00 9.750030633851515915e+00 1.034848570376584176e-03
-2.819698629511493859e+00 9.801464493915378995e+00 3.134253696647465448e-03
-2.834167338087438814e+00 9.851758710430461363e+00 6.259587196345270388e-03
-2.848894005785314487e+00 9.902949610423707583e+00 1.049401120660962972e-02
-2.863618269175704611e+00 9.954132152880369233e+00 1.574238964365261284e-02
-2.878094279143996292e+00 1.000445174953256711e+01 2.183369451455023647e-02
-2.892948079593890665e+00 1.005608457163120661e+01 2.897354270561490475e-02
-2.907301758789893498e+00 1.010597893818663096e+01 3.665235388356377633e-02
-2.921862634191013441e+00 1.015659353286376820e+01 4.513880246177592870e-02
-2.936201234385494629e+00 1.020643548378282794e+01 5.409049338333269535e-02
-2.951007485587317181e+00 1.025790302145645505e+01 6.385090187926810434e-02
-2.965471538020616027e+00 1.030818105290255637e+01 7.378668412132878551e-02
-2.980203173579264675e+00 1.035938922151822439e+01 8.420030903388740773e-02
-2.994777740525214504e+00 1.041005140893776115e+01 9.467970811625921190e-02
-3.009297268970464678e+00 1.046052227878003471e+01 1.051784559503515376e-01
-3.024193244122634017e+00 1.051230170301642097e+01 1.158890456641448463e-01
-3.038570102015025309e+00 1.056227664029925783e+01 1.260529073374317410e-01
-3.053114692044737399e+00 1.061283462591613791e+01 1.360484384039685746e-01
-3.067525426025519142e+00 1.066292731878961852e+01 1.455591120768328361e-01
-3.082301601058946350e+00 1.071429030965332885e+01 1.547963919022702084e-01
-3.096936318268173949e+00 1.076516158348502472e+01 1.633290258225286173e-01
-3.111458771749150642e+00 1.081564262095071705e+01 1.710954312197071059e-01
-3.126552013881898962e+00 1.086810775864801393e+01 1.783351922441378523e-01
-3.140631923004346238e+00 1.091705048178049786e+01 1.842493753570462744e-01
-3.155478254936742832e+00 1.096865734280361337e+01 1.895385180815542525e-01
-3.169837470550793679e+00 1.101857095432527345e+01 1.936730920571260173e-01
-3.184399566974625007e+00 1.106918979336052189e+01 1.968345529637692271e-01
-3.198740681649251183e+00 1.111904048478383622e+01 1.988988802731542216e-01
-3.213511063149013580e+00 1.117038333692991259e+01 1.999131272639730339e-01
-3.228094352811381462e+00 1.122107584510584743e+01 1.997964748675122859e-01
-3.242686635161565079e+00 1.127179961247714601e+01 1.985690601883351447e-01
-3.257417279580980818e+00 1.132300433582533294e+01 1.962170504689928763e-01
-3.271870136564445808e+00 1.137324345112525847e+01 1.928482832192278396e-01
-3.286648584444632260e+00 1.142461434255911357e+01 1.883554251306172878e-01
-3.301064081561332575e+00 1.147472359241747775e+01 1.830003986551295148e-01
-3.315614661002574515e+00 1.152530239763679276e+01 1.766808711010762201e-01
-3.330138424667323793e+00 1.157578798939051801e+01 1.695264563592737417e-01
-3.344794229780625905e+00 1.162673256621313378e+01 1.615300030246011320e-01
-3.359588340840073961e+00 1.167815790392496744e+01 1.527575879896231892e-01
-3.373953244515093264e+00 1.172809128753398333e+01 1.436610237709486648e-01
-3.388920105198713895e+00 1.178011711470591116e+01 1.336836952073526819e-01
-3.403185837306809791e+00 1.182970577119344391e+01 1.238048204647012457e-01
-3.417992166749191263e+00 1.188117358083658104e+01 1.132851597148225031e-01
-3.432299060579325545e+00 1.193090531827356138e+01 1.029743398177205144e-01
-3.446884677829196608e+00 1.198160591730219515e+01 9.243064425502478532e-02
-3.461332014982717808e+00 1.203182584529726284e+01 8.206955157364702325e-02
-3.476018986932273513e+00 1.208287876016555984e+01 7.173780678035530933e-02
-3.490681159112947185e+00 1.213384546934803865e+01 6.174136173400950056e-02
-3.505172689602803704e+00 1.218421901639034388e+01 5.228339215044722210e-02
-3.520035601068991049e+00 1.223588350900219446e+01 4.312814930969713356e-02
-3.534394100629872248e+00 1.228579463147426587e+01 3.490631453403993112e-02
-3.549188245556699872e+00 1.233722008691141703e+01 2.716984030912243664e-02
-3.563633331289763451e+00 1.238743218881562491e+01 2.041940350486819156e-02
-3.578145396193947114e+00 1.243787711488078784e+01 1.451202414862330647e-02
-3.592818119791304721e+00 1.248888050150634754e+01 9.496447830456652972e-03
-3.607359783264713737e+00 1.253942831421418092e+01 5.530642504679494920e-03
-3.622248132312394286e+00 1.259118122959192831e+01 2.552675146818395024e-03
-3.636681110526355010e+00 1.264135124493505735e+01 7.435689845629589456e-04
-3.651522444048219906e+00 1.269294073114270915e+01 1.074631295808203824e-05
-3.666037910343192596e+00 1.274339748067393430e+01 4.078421111463337301e-04
-3.680571662120250220e+00 1.279391779178636313e+01 1.904632583044643668e-03
-3.694911252901027066e+00 1.284376318605085920e+01 4.443285896219742459e-03
-3.709487717802578910e+00 1.289443197089334170e+01 8.076616498713301562e-03
-3.724137030193619413e+00 1.294535397857113779e+01 1.275684579633852567e-02
-3.738594274177737820e+00 1.299560834338414494e+01 1.833570429766807897e-02
-3.753415120837841457e+00 1.304712661586489553e+01 2.498062643993136100e-02
-3.767865235254726830e+00 1.309735619781658578e+01 3.228950672055304338e-02
-3.782581213163481504e+00 1.314850993937473689e+01 4.049204736822810402e-02
-3.797298688010416257e+00 1.319966888439196140e+01 4.936932372416971693e-02
-3.811842821314323171e+00 1.325022528239883357e+01 5.870570795505582196e-02
-3.826189259802793785e+00 1.330009447976169135e+01 6.836308157918867534e-02
-3.840748317009446744e+00 1.335070275427101905e+01 7.851111885269310142e-02
-3.855673423913939413e+00 1.340258344246272770e+01 8.916051739216070138e-02
-3.869940596007723776e+00 1.345217710443859538e+01 9.946020176833240967e-02
-3.884796904993692568e+00 1.350381864637949292e+01 1.101896773802324980e-01
-3.899241605191564819e+00 1.355402940813711687e+01 1.205102338599330081e-01
-3.913899647625435740e+00 1.360498176203842036e+01 1.307539495890261971e-01
-3.928520874005895447e+00 1.365580614083041944e+01 1.406278580391073785e-01
-3.943037591458635749e+00 1.370626723947126457e+01 1.499821732495243420e-01
-3.957459211382871711e+00 1.375639777262566454e+01 1.587301235102915320e-01
-3.971983028820725625e+00 1.380688355129836431e+01 1.668943961488870142e-01
-3.986734845881782174e+00 1.385816187219102247e+01 1.744311509218267331e-01
-4.001133324018161908e+00 1.390821196291457973e+01 1.809713157521163074e-01
-4.015914295640184761e+00 1.395959162704695800e+01 1.867716792246414126e-01
-4.030426419017436146e+00 1.401003675636848733e+01 1.915026029028416010e-01
-4.045089968978406780e+00 1.406100825480912420e+01 1.952593677293163743e-01
-4.059806156035509872e+00 1.411216272338118038e+01 1.979529057079514043e-01
-4.074313671237383083e+00 1.416259183437122182e+01 1.995227318935579863e-01
-4.089059393414212984e+00 1.421384896903116868e+01 1.999960100856980061e-01
-4.103299243794323203e+00 1.426334765886934264e+01 1.993740661042209816e-01
-4.118187841248865944e+00 1.431510143772626265e+01 1.975973566234621726e-01
-4.132483056777096486e+00 1.436479258059038422e+01 1.948267194938674285e-01
-4.147368601052806802e+00 1.441653574638972124e+01 1.908653901526516927e-01
-4.161752952068384026e+00 1.446653673027913101e+01 1.860367905077783268e-01
-4.176408491495548603e+00 1.451748038355863635e+01 1.801602808179341986e-01
-4.191080531386540464e+00 1.456848139357429872e+01 1.733754835242720949e-01
-4.205583937991444365e+00 1.461889622280142476e+01 1.658567222351603476e-01
-4.219918621181560248e+00 1.466872455794651486e+01 1.577133879012807827e-01
-4.234473964449891881e+00 1.471931992255327160e+01 1.488107431257563174e-01
-4.249433869050204038e+00 1.477132156990581890e+01 1.390982179281767817e-01
-4.263681540997965591e+00 1.482084744804589960e+01 1.294210553317411139e-01
-4.278479034371883039e+00 1.487228454291320645e+01 1.190412978210156347e-01
-4.293159602069066771e+00 1.492331519616404556e+01 1.085278406245425015e-01
-4.307663971060489594e+00 1.497373337071226018e+01 9.804574824209011386e-02
-4.322618522264837893e+00 1.502571640929580177e+01 8.726203389940448418e-02
-4.337303172432727116e+00 1.507676125349288121e+01 7.681717756128388086e-02
-4.351936769944913408e+00 1.512762863518139689e+01 6.666846113422403297e-02
-4.366588153913713910e+00 1.517855784380458850e+01 5.688137682596212247e-02
-4.381041433893838821e+00 1.522879842946971429e+01 4.770027811819199659e-02
-4.395817905439630913e+00 1.528016245103060022e+01 3.890513032155239886e-02
-4.410324199342324114e+00 1.533058731670150543e+01 3.094869690919725691e-02
-4.425013266645922982e+00 1.538164751516317530e+01 2.366648129689671864e-02
-4.439758420265477845e+00 1.543290267347930644e+01 1.722261276465231195e-02
-4.454209287920533278e+00 1.548313487373818020e+01 1.181990975283198075e-02
-4.468572012195114240e+00 1.553306068160282827e+01 7.404051271094086450e-03
-4.483107573181415617e+00 1.558358728164981777e+01 3.952030301210343599e-03
-4.497978380308786939e+00 1.563527922011773974e+01 1.518635588718952878e-03
-4.512302527011512687e+00 1.568507092971499084e+01 2.510692072982406708e-04
-4.527132149746436518e+00 1.573661970842957913e+01 6.624892482799682458e-05
-4.541633740230386351e+00 1.578702822469657008e+01 9.967388355914125198e-04
-4.556270488100050642e+00 1.583790655724225616e+01 3.039667515362692862e-03
-4.570979561901556742e+00 1.588903629965335185e+01 6.186733039895309094e-03
-4.585473065546421090e+00 1.593941670551686052e+01 1.032587177918165011e-02
-4.599840375740673615e+00 1.598935845435064529e+01 1.540119526446317999e-02
-4.614443855890672630e+00 1.604012114603681738e+01 2.149527120730149177e-02
-4.629203507098692327e+00 1.609142669895792821e+01 2.854366055466681096e-02
-4.643624330932155431e+00 1.614155446484657830e+01 3.621696824640981138e-02
-4.658379604677682195e+00 1.619284480140989757e+01 4.478532307717911221e-02
-4.673045173963884302e+00 1.624382331916257982e+01 5.392458956591479613e-02
-4.687605581856931103e+00 1.629443628874981087e+01 6.351112992307264560e-02
-4.702397274647238667e+00 1.634585322039339772e+01 7.366348461570138006e-02
-4.716745170262439224e+00 1.639572748282801484e+01 8.380025370188531886e-02
-4.731204627376141225e+00 1.644598954063019747e+01 9.419190925768211597e-02
-4.745716881799416420e+00 1.649643512547663349e+01 1.046852321128999980e-01
-4.760555003449583822e+00 1.654801344699949439e+01 1.153599575034877783e-01
-4.774975453912466250e+00 1.659813991502657160e+01 1.255658628346532912e-01
-4.789675112582433947e+00 1.664923692979914804e+01 1.356825882953885953e-01
-4.804303372733824240e+00 1.670008575845799115e+01 1.453501337289476725e-01
-4.818855438745680786e+00 1.675066973109801793e+01 1.544641266867556872e-01
-4.833645625612585484e+00 1.680208142804928428e+01 1.631087994652617723e-01
-4.848078752981250794e+00 1.685225196186432584e+01 1.708496626274648156e-01
-4.862609648977916699e+00 1.690276234608959882e+01 1.778632603587607663e-01
-4.877109344547418068e+00 1.695316427550489635e+01 1.840050167893406974e-01
-4.891782159655817530e+00 1.700416798022907017e+01 1.892798761811449459e-01
-4.906362169435260157e+00 1.705484908730855409e+01 1.935260261910851098e-01
-4.920963717762277589e+00 1.710560506384646118e+01 1.967366562919068695e-01
-4.935724030006254814e+00 1.715691291457358147e+01 1.988861149980686027e-01
-4.950138091975463617e+00 1.720701717576151424e+01 1.998982109803831286e-01
-4.965006402454902101e+00 1.725870043571116597e+01 1.998051536349640389e-01
-4.979413845217553813e+00 1.730878168808625261e+01 1.986144304953611495e-01
-4.994015185363862130e+00 1.735953694097383604e+01 1.963158100399817196e-01
-5.008334096031462401e+00 1.740931044975634734e+01 1.930187695197095044e-01
-5.023124194843179957e+00 1.746072184062178323e+01 1.885668073608286477e-01
-5.037658936653596875e+00 1.751124559315760010e+01 1.832045552341670658e-01
-5.052233127602515417e+00 1.756190647358584656e+01 1.769050341366943946e-01
-5.067012785308443235e+00 1.761328157045638321e+01 1.696448522350099686e-01
-5.081483108321640074e+00 1.766358139886531831e+01 1.617654378234194557e-01
-5.096234636196744994e+00 1.771485871452791017e+01 1.530374828005783006e-01
-5.110664931146598811e+00 1.776501940266224011e+01 1.439150139296794251e-01
-5.125340953288498369e+00 1.781603425525330309e+01 1.341473986801455798e-01
-5.140313433192454262e+00 1.786807961521785870e+01 1.237870019205226796e-01
-5.154671941323855755e+00 1.791799076748164410e+01 1.135879822158365887e-01
-5.169526667113502505e+00 1.796962680612428898e+01 1.028836731829472773e-01
-5.183953309915724006e+00 1.801977479914468816e+01 9.245488231090735753e-02
-5.198624239233131661e+00 1.807077194873092907e+01 8.193433683683208624e-02
-5.213262046115021420e+00 1.812165396247524640e+01 7.164008788867069766e-02
-5.227805943591378401e+00 1.817220954072949368e+01 6.172628483624510720e-02
-5.242143599922724384e+00 1.822204821071600733e+01 5.236687879119814037e-02
-5.256693304064995687e+00 1.827262397333647925e+01 4.339294281853919855e-02
-5.271405816856994164e+00 1.832376566991276690e+01 3.495602019739946220e-02
-5.285830864021814790e+00 1.837390811638887911e+01 2.739808169383679826e-02
-5.300650903532409863e+00 1.842542358316296003e+01 2.045650156661465990e-02
-5.315157181676404718e+00 1.847584839405555357e+01 1.454599172068340995e-02
-5.329800560640767237e+00 1.852674977673807533e+01 9.533349040587141277e-03
-5.344521732837918648e+00 1.857792157399649113e+01 5.516487383550150447e-03
-5.359235113187772903e+00 1.862906628626297589e+01 2.571424493702706426e-03
-5.373812012144720818e+00 1.867973657991158021e+01 7.410478696525946152e-04
-5.388142614937645014e+00 1.872955073131810266e+01 1.646612446590256518e-05
-5.402961112998646342e+00 1.878106083990840247e+01 3.962419232108049805e-04
-5.417484698755976602e+00 1.883154581324382448e+01 1.878139563360609054e-03
-5.432091816262548889e+00 1.888232114862919531e+01 4.460009960816163632e-03
-5.446802282082475521e+00 1.893345572979113456e+01 8.137199227317232220e-03
-5.461301709615857369e+00 1.898385672749462572e+01 1.277894140691118730e-02
-5.476383212208950191e+00 1.903628105775246837e+01 1.862341020547858550e-02
-5.490486257036948814e+00 1.908530420217328682e+01 2.496576961013109719e-02
-5.504990473279577579e+00 1.913572184575629009e+01 3.230176218855283776e-02
-5.519380387530637755e+00 1.918574216783116881e+01 4.031601486632423875e-02
-5.534165185613622917e+00 1.923713513300248223e+01 4.922234055450946250e-02
-5.548778925229670200e+00 1.928793348729143986e+01 5.859628697113178353e-02
-5.563344189290253539e+00 1.933856333724779830e+01 6.839925941429174372e-02
-5.578151604424061993e+00 1.939003492082828473e+01 7.872388787283970957e-02
-5.592546299505019469e+00 1.944007186139351973e+01 8.899560554465778262e-02
-5.607439578952003956e+00 1.949184191517507259e+01 9.974721882882091328e-02
-5.621736344223879911e+00 1.954153844505366067e+01 1.100725156736070270e-01
-5.636391441439830174e+00 1.959248056117686687e+01 1.205439625964631889e-01
-5.650855601004636242e+00 1.964275896501938234e+01 1.306532381803260923e-01
-5.665485343717849176e+00 1.969361294716410526e+01 1.405367629487054293e-01
-5.680132083017442213e+00 1.974452601060077228e+01 1.499773300336573190e-01
-5.694729532976821496e+00 1.979526774093361752e+01 1.588285029884943522e-01
-5.709497048743330083e+00 1.984660063159570953e+01 1.671155254416280544e-01
-5.723861004546422215e+00 1.989653072033734560e+01 1.744427168770014136e-01
-5.738895938110173844e+00 1.994879317347724523e+01 1.812507491746897237e-01
-5.753056729723369678e+00 1.999801704965670979e+01 1.867861272229391079e-01
-5.767549518282703680e+00 2.004839496983420943e+01 1.915086943403219721e-01
-5.782105133181243417e+00 2.009899127864607138e+01 1.952401877468806779e-01
-5.796733422914752687e+00 2.014984021013437854e+01 1.979273444801087356e-01
-5.811471502398989131e+00 2.020107077827430686e+01 1.995266521777071533e-01
-5.825886141772462778e+00 2.025117704655879081e+01 1.999975918641618278e-01
-5.840739029047214537e+00 2.030280669439843777e+01 1.993464899026755055e-01
-5.855180333936602644e+00 2.035300565383250415e+01 1.976146172123660893e-01
-5.869952996853644578e+00 2.040435643634043927e+01 1.947419238602843272e-01
-5.884347763401684972e+00 2.045439362533011973e+01 1.909025221081880608e-01
-5.898962378869639700e+00 2.050519502413996520e+01 1.859972299224087466e-01
-5.913594314806711161e+00 2.055605663008020656e+01 1.801241113137336813e-01
-5.928121163582393827e+00 2.060655294588967124e+01 1.734057598694327962e-01
-5.942898591017696575e+00 2.065792029018760445e+01 1.657410030485336749e-01
-5.957354977811524677e+00 2.070817167534877612e+01 1.575158385586959697e-01
-5.972075008747099290e+00 2.075933950550421514e+01 1.484954753870804944e-01
-5.986705747161273905e+00 2.081019694877329940e+01 1.389852324812933526e-01
-6.001892750374255847e+00 2.086298800637182183e+01 1.286533587232530917e-01
-6.015654446297608260e+00 2.091082459874984067e+01 1.189893236903574875e-01
-6.030196144467802277e+00 2.096137253206606132e+01 1.085751723004722558e-01
-6.045017563417504292e+00 2.101289279386443809e+01 9.786393332522359823e-02
-6.059383975089439822e+00 2.106283141937344894e+01 8.750373934472294168e-02
-6.074245648944811116e+00 2.111449160996580687e+01 7.692959540252793105e-02
-6.088708738576888990e+00 2.116476629464928649e+01 6.689382480223762806e-02
-6.103407634885229527e+00 2.121586065940092070e+01 5.706598354299344950e-02
-6.118022024754965926e+00 2.126666127401599127e+01 4.777529454960094402e-02
-6.132561967765489008e+00 2.131720310627764903e+01 3.911045864456705323e-02
-6.146938902792565607e+00 2.136717831168590465e+01 3.120422737371382482e-02
-6.161507564373380319e+00 2.141781997165400142e+01 2.395131484650916964e-02
-6.176268513324094656e+00 2.146913003561710909e+01 1.746370541794128872e-02
-6.190770261118567319e+00 2.151953909870618986e+01 1.200523444869365519e-02
-6.205465259222394003e+00 2.157061991303341841e+01 7.461242335153328575e-03
-6.219997809467762373e+00 2.162113604753985641e+01 3.994831989375308146e-03
-6.234630482746070790e+00 2.167200021652845976e+01 1.575690190070588859e-03
-6.249355489560001864e+00 2.172318534317598804e+01 2.536006281121244710e-04
-6.263835343683233248e+00 2.177351830237259378e+01 5.615952512877386837e-05
-6.278196262895597179e+00 2.182343783571802476e+01 9.425069962106930044e-04
-6.292680885684116099e+00 2.187378737111997751e+01 2.918424477708236875e-03
-6.307597331801113150e+00 2.192563795382444169e+01 6.065960247594703869e-03
-6.321900466213874026e+00 2.197535662327056727e+01 1.011089690915120687e-02
-6.336734717168134523e+00 2.202692148999081212e+01 1.532110629342239849e-02
-6.351163610976111151e+00 2.207707730766053800e+01 2.132417561545078832e-02
-6.365846274856743037e+00 2.212811524738782154e+01 2.831154060469170952e-02
-6.380463796975275770e+00 2.217892674991305668e+01 3.607066999315804157e-02
-6.395070191793436720e+00 2.222969957318428413e+01 4.453728050681543538e-02
-6.409387706019122000e+00 2.227946822783958680e+01 5.343751022720947402e-02
-6.424013664985741556e+00 2.233030905742342753e+01 6.304406823466369991e-02
