-5.520985402048321500e-02 1.919132130761677935e-01 1.809171747345957038e-02
-6.981538833073273886e-02 2.426830451632851771e-01 1.249841903916025510e-02
-8.439879300395723705e-02 2.933759531247907559e-01 7.887291725011930099e-03
-9.895676023392283027e-02 3.439804388009113922e-01 4.305739000031269526e-03
-1.138383277880924971e-01 3.957097812453084229e-01 1.740785533004912677e-03
-1.281384916860735523e-01 4.454181249797289910e-01 3.476811043200273010e-04
-1.429658483477141695e-01 4.969590266692361924e-01 2.843932990262421079e-05
-1.574657938446535621e-01 5.473618248493317129e-01 8.276033983240227432e-04
-1.721946318195099468e-01 5.985602688731876952e-01 2.755408977520024116e-03
-1.864814851461231437e-01 6.482223441549125331e-01 5.679482296009272235e-03
-2.010840308329125692e-01 6.989817875833189698e-01 9.708066193327993809e-03
-2.156993221278838413e-01 7.497855356139052629e-01 1.474812309096130980e-02
-2.302560160826093161e-01 8.003855952985649003e-01 2.071442925890570885e-02
-2.451481199859349702e-01 8.521515628102890316e-01 2.772662109992345136e-02
-2.598281354374794572e-01 9.031802964176711690e-01 3.545952176592633009e-02
-2.743292508104754335e-01 9.535871611666228986e-01 4.381252740174298999e-02
-2.891334019582922354e-01 1.005047398909484579e+00 5.297660689961755653e-02
-3.035818206562143629e-01 1.055271086426558425e+00 6.244090637375396963e-02
-3.181556523344407639e-01 1.105930718005406543e+00 7.240231689307957685e-02
-3.325433233208615058e-01 1.155943242339601440e+00 8.253759043985275934e-02
-3.474088344194629641e-01 1.207616771450792381e+00 9.320668364560966146e-02
-3.618690966091608341e-01 1.257881627751972875e+00 1.036613158453252304e-01
-3.765698101443282764e-01 1.308982309307834102e+00 1.142481408022312378e-01
-3.912079985526173975e-01 1.359865649263900966e+00 1.246301215218492825e-01
-4.057523118374558591e-01 1.410422672896750607e+00 1.346724874743231437e-01
-4.205447546865470621e-01 1.461842211795756574e+00 1.444921853385976451e-01
-4.349404881828341507e-01 1.511882761963407429e+00 1.535607560192701615e-01
-4.493686516995184510e-01 1.562036041090860250e+00 1.620673920873530460e-01
-4.637976748947086891e-01 1.612192308519355022e+00 1.698989156768831443e-01
-4.785810899444968292e-01 1.663580466173074202e+00 1.771329552124356888e-01
-4.931537044705693873e-01 1.714235866848131895e+00 1.834016288190817301e-01
-5.078297025597180436e-01 1.765250635830192039e+00 1.887787371032268180e-01
-5.226052889919106104e-01 1.816611580675919546e+00 1.931822613688997659e-01
-5.370450482846795826e-01 1.866805167510864338e+00 1.964584042710959821e-01
-5.519105622861992799e-01 1.918478706712796855e+00 1.987323331917995595e-01
-5.662467581731945865e-01 1.968312300095272471e+00 1.998449905374591051e-01
-5.808851750826206084e-01 2.019196434336854917e+00 1.998739781909833479e-01
-5.953326048530573900e-01 2.069416684274631102e+00 1.988054203499070027e-01
-6.100017662932483153e-01 2.120407688599250662e+00 1.966173291391654920e-01
-6.246575151452298247e-01 2.171352069853684785e+00 1.933457248058675082e-01
-6.392679755695229726e-01 2.222139025448749639e+00 1.890407668440994005e-01
-6.541451154821835701e-01 2.273852977109681817e+00 1.836364588515439211e-01
-6.683649783024719904e-01 2.323282188828506900e+00 1.775653184814415253e-01
-6.832085197010208111e-01 2.374879349765895764e+00 1.703542167319311296e-01
-6.975994467940836996e-01 2.424903192548561570e+00 1.625883962849174746e-01
-7.121307504434133406e-01 2.475414993802258934e+00 1.540594433362620086e-01
-7.267458462752222070e-01 2.526218062389578911e+00 1.448794889671484176e-01
-7.413422061196797141e-01 2.576956003408704010e+00 1.352110256013247525e-01
-7.562109133312793219e-01 2.628640642426372853e+00 1.249596174879635813e-01
-7.705277321006915869e-01 2.678406879628299375e+00 1.148146610648478894e-01
-7.853658827800418241e-01 2.729985302058576480e+00 1.041341341737177795e-01
-7.998975332589858267e-01 2.780498308915636763e+00 9.362730582949593816e-02
-8.145400416243402386e-01 2.831396665336707308e+00 8.311177928620848421e-02
-8.288962343328486471e-01 2.881299769032803493e+00 7.298491962357323004e-02
-8.435850931792699958e-01 2.932359242883126438e+00 6.292558037478077071e-02
-8.582713669078685381e-01 2.983409730687817785e+00 5.328608904267379681e-02
-8.726955067033836944e-01 3.033549023086419716e+00 4.433083619667024800e-02
-8.875482426116839685e-01 3.085178144765968966e+00 3.574327110064724755e-02
-9.021570009582405847e-01 3.135959183822888185e+00 2.801922658823439993e-02
-9.172441664536770123e-01 3.188403198714991671e+00 2.088619818652573401e-02
-9.318050813897786888e-01 3.239017930818418378e+00 1.489391688332783459e-02
-9.461720049429661605e-01 3.288958335661527510e+00 9.905851282839800431e-03
-9.607701521556631929e-01 3.339702489694396093e+00 5.833671658792213832e-03
-9.751957055341340386e-01 3.389846695803635068e+00 2.840157307938989684e-03
-9.899173247806967169e-01 3.441020047036253970e+00 8.752620360392704413e-04
-1.004543238130029659e+00 3.491860718051299717e+00 3.537237318573804856e-05
-1.019068591626342890e+00 3.542351836167829671e+00 3.077902385196784607e-04
-1.034126512432112399e+00 3.594694194526712128e+00 1.750985172575950100e-03
-1.048348153220714618e+00 3.644129586584498259e+00 4.183919939622082751e-03
-1.063108108405746099e+00 3.695436196150405195e+00 7.780019601873078283e-03
-1.077514780650952853e+00 3.745514770154370510e+00 1.230340429322832052e-02
-1.092069642864259782e+00 3.796108462581094134e+00 1.783952863056308125e-02
-1.106769415715678662e+00 3.847205874256172109e+00 2.435418849523948714e-02
-1.121316627218808648e+00 3.897772972293209293e+00 3.164286080062889139e-02
-1.136163384083143990e+00 3.949381310408687007e+00 3.986083650619948182e-02
-1.150716603244718916e+00 3.999969291475677036e+00 4.858963066452957197e-02
-1.165392037338321085e+00 4.050982099970801720e+00 5.796791964016667631e-02
-1.180056067939614373e+00 4.101955269149936356e+00 6.781170656626744897e-02
-1.194545563207306094e+00 4.152321741621372020e+00 7.789419266522928931e-02
-1.208887301871122810e+00 4.202174602073613485e+00 8.811319842087617094e-02
-1.223483929751699062e+00 4.252913474804544514e+00 9.864441210033586538e-02
-1.238257181822912445e+00 4.304266305252507863e+00 1.093179704593395807e-01
-1.252634441285662259e+00 4.354242638421263578e+00 1.196043378336560659e-01
-1.267453610335483205e+00 4.405755079414404030e+00 1.299839689981079072e-01
-1.282137080950921604e+00 4.456795823406822343e+00 1.399293867889308818e-01
-1.296708208215208380e+00 4.507446054258610779e+00 1.493540288954668949e-01
-1.311992183412481472e+00 4.560574193079570016e+00 1.586492147412859877e-01
-1.325985120965790021e+00 4.609214597113844292e+00 1.665338702191228593e-01
-1.340624986293190712e+00 4.660103766154962912e+00 1.740526793545746076e-01
-1.355046693443208605e+00 4.710234602512121782e+00 1.806484428309115819e-01
-1.369826055051474034e+00 4.761608670127016829e+00 1.864973248699603736e-01
-1.384528783626612691e+00 4.812716356099068449e+00 1.913358630561273754e-01
-1.399070928707983441e+00 4.863265842908981895e+00 1.951062846849323795e-01
-1.413808505987362185e+00 4.914494665350615854e+00 1.978543680175474384e-01
-1.428245845075712062e+00 4.964679839390153226e+00 1.994691501076187867e-01
-1.442991000492311215e+00 5.015935003952934679e+00 1.999993579974780611e-01
-1.457404823039881503e+00 5.066038432894942822e+00 1.994189341921981662e-01
-1.471936570559235768e+00 5.116551777071078888e+00 1.977405685102090749e-01
-1.486627484118844489e+00 5.167618393244393538e+00 1.949469735642842816e-01
-1.501152709610286129e+00 5.218109066407270902e+00 1.911314346760742411e-01
-1.516043353483963907e+00 5.269869958756492778e+00 1.861768186662764168e-01
-1.530422853170200881e+00 5.319854079094677779e+00 1.804434054564686418e-01
-1.545181590926610227e+00 5.371156456795771028e+00 1.736550334465031820e-01
-1.559717564818474456e+00 5.421684492130622424e+00 1.661488199196163862e-01
-1.574357277535315625e+00 5.472573130687041321e+00 1.578506182455019224e-01
-1.588740990600047587e+00 5.522571897015860820e+00 1.490656359906475936e-01
-1.603397741788232134e+00 5.573519762459208771e+00 1.395685858845991945e-01
-1.618087596473849032e+00 5.624582697914404683e+00 1.296042359837414060e-01
-1.632502251191318976e+00 5.674689019535665402e+00 1.195012029758838468e-01
-1.647534718933364672e+00 5.726942901311362633e+00 1.087411487124324838e-01
-1.661959811024301459e+00 5.777085503953713896e+00 9.831715069526031359e-02
-1.676519349009511162e+00 5.827695449682051887e+00 8.781492932528472961e-02
-1.691334624416547472e+00 5.879194356107666053e+00 7.726752529193239849e-02
-1.705723335062405921e+00 5.929210494368880369e+00 6.727242399335099654e-02
-1.720313479620646291e+00 5.979926830629773704e+00 5.749966430016575231e-02
-1.734667869478684565e+00 6.029823667494838446e+00 4.834587393811193290e-02
-1.749540123365220134e+00 6.081520634996159025e+00 3.944999857683944428e-02
-1.763940604100492804e+00 6.131577686889871259e+00 3.150255626886860894e-02
-1.778756060870803068e+00 6.183077223746578532e+00 2.410201428957094161e-02
-1.793286128291659010e+00 6.233584727785897783e+00 1.768950991758240499e-02
-1.808049391421158614e+00 6.284902835992089543e+00 1.210500856613602738e-02
-1.822717623098102813e+00 6.335890608396335111e+00 7.548261364785202598e-03
-1.837131224194480605e+00 6.385993267558914610e+00 4.083457301020901320e-03
-1.851717594406053324e+00 6.436696483933710411e+00 1.637912518462431022e-03
-1.866146308371332330e+00 6.486851676457971116e+00 2.952403481643883776e-04
-1.880888765594530998e+00 6.538097461916710706e+00 4.436005779265284055e-05
-1.895577201858994920e+00 6.589155466843366504e+00 9.239783718177629890e-04
-1.910115177658581187e+00 6.639690460945815609e+00 2.895125408820184432e-03
-1.925002690527570337e+00 6.691440469709477590e+00 6.025459383049519557e-03
-1.939355559671145812e+00 6.741332020467488917e+00 1.007486698174546447e-02
-1.954163762739909105e+00 6.792806342963548794e+00 1.526734172728247407e-02
-1.968511055101049179e+00 6.842678508445964702e+00 2.122541306813115203e-02
-1.983099503663857899e+00 6.893388949311218816e+00 2.815253875113681026e-02
-1.997632169611254227e+00 6.943905486005785832e+00 3.584815356539809705e-02
-2.012261792751881995e+00 6.994759052508057628e+00 4.431039679094016942e-02
-2.026999516144812663e+00 7.045988382850351783e+00 5.346503066564878281e-02
-2.041458990952492503e+00 7.096250502158007123e+00 6.296105421299785787e-02
-2.056297541681625152e+00 7.147830315188576478e+00 7.312596174993402087e-02
-2.070832046143916028e+00 7.198353242686143183e+00 8.338335340026820086e-02
-2.085476213457935657e+00 7.249257365725770619e+00 9.390342673856885702e-02
-2.099979846213995138e+00 7.299672981069717181e+00 1.043903185665400607e-01
-2.114437707137359901e+00 7.349929490405566312e+00 1.147961733658104944e-01
-2.129221036896645103e+00 7.401317351583688087e+00 1.252681652222540909e-01
-2.143700697077290496e+00 7.451649636622654782e+00 1.352459668290008910e-01
-2.158548044063436588e+00 7.503260026041742137e+00 1.450750106522846195e-01
-2.173045678560976857e+00 7.553654791030518290e+00 1.541720778625840504e-01
-2.187725724147577377e+00 7.604683629389408672e+00 1.627765760503327996e-01
-2.202609724761946719e+00 7.656421429316782934e+00 1.707780784853705769e-01
-2.216904528075785308e+00 7.706111139295599877e+00 1.776921955282822485e-01
-2.231262452720617961e+00 7.756020263320326791e+00 1.838011459777592616e-01
-2.245838801781907978e+00 7.806688645494169521e+00 1.890787602389148447e-01
-2.260599899057921469e+00 7.857999225046119918e+00 1.934146069835003257e-01
-2.274983961440483426e+00 7.907999205627509909e+00 1.966162894974809727e-01
-2.289772198513960522e+00 7.959404124964014393e+00 1.988180406937986311e-01
-2.304390897696728224e+00 8.010219719044702202e+00 1.998841046377787256e-01
-2.318959497901557310e+00 8.060861165665691885e+00 1.998362153371537608e-01
-2.334121566843777806e+00 8.113565550040704011e+00 1.986100262831563823e-01
-2.348194344601947758e+00 8.162483484065219841e+00 1.964109065230094098e-01
-2.362761638770030981e+00 8.213120390813521965e+00 1.930832963333046215e-01
-2.377224222603161241e+00 8.263393317305407493e+00 1.887578685138193713e-01
-2.392028467059064578e+00 8.314853879393533376e+00 1.833253593847799512e-01
-2.406567941179172720e+00 8.365394081760170408e+00 1.770602842159153256e-01
-2.421190967507184322e+00 8.416224717292459800e+00 1.699002979370459188e-01
-2.435973801696853069e+00 8.467610855836840145e+00 1.618680124514348950e-01
-2.450380236179231286e+00 8.517688603361019517e+00 1.533593696141569707e-01
-2.465156480329759869e+00 8.569051834480481133e+00 1.440316578651199553e-01
-2.479563428352201004e+00 8.619131367104897024e+00 1.344522312750700832e-01
-2.494100534382184708e+00 8.669663337828964700e+00 1.244076269617716973e-01
-2.508542641997587364e+00 8.719865087593335673e+00 1.141613649301988359e-01
-2.523337953344616746e+00 8.771294597586555497e+00 1.035053251627151699e-01
-2.538012492371756856e+00 8.822304294769693911e+00 9.289632502467107256e-02
-2.552512109700699305e+00 8.872705952215479641e+00 8.249188713722856170e-02
-2.567476812824885712e+00 8.924724279563855944e+00 7.195678734803392929e-02
-2.581799748181294429e+00 8.974511778438801102e+00 6.217937166506182223e-02
-2.596577644645246430e+00 9.025880753112268451e+00 5.251774494895888878e-02
-2.610981604044227300e+00 9.075949897077972395e+00 4.362144958108545023e-02
-2.625663036258114147e+00 9.126983555447756302e+00 3.518373359854078120e-02
-2.640315023895677182e+00 9.177914862464684020e+00 2.749113196956150251e-02
-2.654803841954010313e+00 9.228278980910262774e+00 2.068421878419449134e-02
-2.669638596080768700e+00 9.279845596692380738e+00 1.461731623685599835e-02
-2.684229273255391846e+00 9.330563784364098723e+00 9.608194186954924221e-03
-2.698840437291776251e+00 9.381353185762717928e+00 5.600286183873467993e-03
-2.713610165773165495e+00 9.432693767972450516e+00 2.619900504915201322e-03
-2.728071218386033614e+00 9.482961371838408482e+00 7.776951633396700370e-04
-2.742479005490084276e+00 9.533043821167652254e+00 2.115285215549544962e-05
-2.756966246849102742e+00 9.583402458899019649e+00 3.545537278012572679e-04
-2.771829734613680873e+00 9.635068954763330140e+00 1.832916970764347786e-03
-2.786240257096132655e+00 9.685160912454209736e+00 4.349036807804934623e-03
-2.800984888881572488e+00 9.736414256839415415e+00 7.998149036036461546e-03
-2.815559409519064804e+00 9.787076283287598599e+00 1.263305408316080236e-02
-2.830125229834079992e+00 9.837708066822246522e+00 1.823462575838985522e-02
-2.844963942850166294e+00 9.889288443973320852e+00 2.487335439412466376e-02
-2.859413604135335518e+00 9.939516450808302039e+00 3.216985485771166331e-02
-2.873987614826854387e+00 9.990176704649547546e+00 4.027894144407824506e-02
-2.888288981915335007e+00 1.003988923075609740e+01 4.888165382545670012e-02
-2.903139800929948056e+00 1.009151168918262442e+01 5.839212227948115119e-02
-2.917762359335184019e+00 1.014234069818347450e+01 6.822574072030213044e-02
-2.932338987629563132e+00 1.019301005099055502e+01 7.838211931621986983e-02
-2.947232343796529985e+00 1.024478037145599174e+01 8.900637994574855938e-02
-2.961691998723375630e+00 1.029504311687013640e+01 9.944437426583475903e-02
-2.976470939408494054e+00 1.034641572132750298e+01 1.101182401013934276e-01
-2.990785774793567331e+00 1.039617506415037340e+01 1.203479840770470544e-01
-3.005333477442819312e+00 1.044674386944478250e+01 1.305201678779228380e-01
-3.019826099706407696e+00 1.049712121156694344e+01 1.403182094997852403e-01
-3.034510517640836458e+00 1.054816524850469683e+01 1.497938531354793823e-01
-3.049135876394548639e+00 1.059900399170758867e+01 1.586735141376195424e-01
-3.063652489895168696e+00 1.064946472900378360e+01 1.668385378040688760e-01
-3.078504609555393845e+00 1.070109170856304814e+01 1.744294334542141889e-01
-3.092958814737036377e+00 1.075133551029166945e+01 1.809934736599076721e-01
-3.107754230450888500e+00 1.080276538307107437e+01 1.867956330906241358e-01
-3.122119891649338008e+00 1.085270139988313076e+01 1.914792853077106061e-01
-3.136695769193762917e+00 1.090336814303223356e+01 1.952224205532167023e-01
-3.151457879726481170e+00 1.095468224473350638e+01 1.979351585521124390e-01
-3.166002354883570735e+00 1.100523983104532633e+01 1.995167412503296434e-01
-3.180794609042975285e+00 1.105665871404612943e+01 1.999962526673077223e-01
-3.195229736384083807e+00 1.110683619990160587e+01 1.993612996829592643e-01
-3.210005043859655682e+00 1.115819617507511907e+01 1.975904314151954444e-01
-3.224567223638711067e+00 1.120881530385880431e+01 1.947550788628363005e-01
-3.239295859238694675e+00 1.126001304441381912e+01 1.908188218744408526e-01
-3.253446778441609677e+00 1.130920260342270822e+01 1.860660720533326706e-01
-3.268061515970365427e+00 1.136000442652420972e+01 1.802122756908612622e-01
-3.282819604164256777e+00 1.141130454630174640e+01 1.733923254985273443e-01
-3.297260794457490984e+00 1.146150310739177769e+01 1.659092185777392703e-01
-3.312056830842912802e+00 1.151293513766783505e+01 1.574976076655771329e-01
-3.326597042995428577e+00 1.156347790548539223e+01 1.485897406614541394e-01
-3.341267045728976370e+00 1.161447183420302309e+01 1.390583609577104862e-01
-3.356191566382215719e+00 1.166635048454544510e+01 1.289112872264881471e-01
-3.370487409908428766e+00 1.171604381037332843e+01 1.188743380888163947e-01
-3.385045759770667129e+00 1.176664962610529130e+01 1.084464974098020423e-01
-3.399523944715902246e+00 1.181697678312549016e+01 9.798305326581566166e-02
-3.414334697791000739e+00 1.186845996961725902e+01 8.730303677220131731e-02
-3.428807249692480408e+00 1.191876754579367947e+01 7.700665316882693290e-02
-3.443624506686810971e+00 1.197027334035169943e+01 6.672684103919429566e-02
-3.458177062877150210e+00 1.202085901688551672e+01 5.700174823295059423e-02
-3.472678866380006557e+00 1.207126827362073485e+01 4.778406471803289812e-02
-3.487508874926589897e+00 1.212281839344293033e+01 3.895230693121762983e-02
-3.501915761711279274e+00 1.217289771320074898e+01 3.104384473284299562e-02
-3.516511216951114793e+00 1.222363250975259419e+01 2.379531344904878276e-02
-3.530925806698509639e+00 1.227373860553344898e+01 1.746933704421960165e-02
-3.545648174345044978e+00 1.232491455825534921e+01 1.193426247454625055e-02
-3.560361953362339182e+00 1.237606065631701036e+01 7.399504082448896125e-03
-3.574832509714870099e+00 1.242636129582936277e+01 3.961777486490111744e-03
-3.589725162269745695e+00 1.247812917049124515e+01 1.521968972340900783e-03
-3.604168407829104304e+00 1.252833487582631378e+01 2.463502655780380746e-04
-3.618928400613838914e+00 1.257964161609134912e+01 6.685434299583126183e-05
-3.633255827061255605e+00 1.262944472630453774e+01 9.813927227663027386e-04
-3.647970592794287814e+00 1.268059425425731312e+01 3.026725303404934064e-03
-3.662574822588367418e+00 1.273135955175736989e+01 6.142213805060997567e-03
-3.677161817203833394e+00 1.278206493860262860e+01 1.029882580721343255e-02
-3.691969729151365787e+00 1.283353824914146202e+01 1.553881085030933695e-02
-3.706537846365891120e+00 1.288417801685525710e+01 2.163918185423883978e-02
-3.721226297559649066e+00 1.293523607367715478e+01 2.867003967027689781e-02
-3.736137851568216650e+00 1.298706965107950140e+01 3.663028542489631112e-02
-3.750674273062429176e+00 1.303759924231060197e+01 4.510016903459410087e-02
-3.764936215894563620e+00 1.308717472701679441e+01 5.400019379076081982e-02
-3.779392792622186192e+00 1.313742677240077406e+01 6.352050068866210708e-02
-3.794256629013423421e+00 1.318909448011509689e+01 7.372354624632199149e-02
-3.808729353016485408e+00 1.323940265452833920e+01 8.395080103218816037e-02
-3.823510965492271652e+00 1.329078454631205020e+01 9.457692197577274862e-02
-3.838092467233463090e+00 1.334147083955219593e+01 1.051204209807793943e-01
-3.852578964754237223e+00 1.339182689165116180e+01 1.155391010391510487e-01
-3.867421479902065862e+00 1.344342048527114741e+01 1.260360482617964295e-01
-3.881904781033373553e+00 1.349376542650261079e+01 1.359908018253654094e-01
-3.896429383779732358e+00 1.354425393496116392e+01 1.455773975774715678e-01
-3.910998775651839843e+00 1.359489813347153486e+01 1.546884227211032248e-01
-3.926216845066575978e+00 1.364779717930336389e+01 1.635554791403324715e-01
-3.940426358153882092e+00 1.369719041464539266e+01 1.711422376538050405e-01
-3.954834979916048265e+00 1.374727576530309570e+01 1.780680112524754555e-01
-3.969670657032577044e+00 1.379884558946052486e+01 1.843129138088048236e-01
-3.984209178304326748e+00 1.384938247966136693e+01 1.894918898683508879e-01
-3.998961597237101095e+00 1.390066289270111177e+01 1.937358899832585801e-01
-4.013354323724779071e+00 1.395069299030202181e+01 1.968488474472659122e-01
-4.027793657947374761e+00 1.400088509956409233e+01 1.989177906201225754e-01
-4.042442077068997719e+00 1.405180400217655112e+01 1.999147920078805929e-01
-4.056970369286223566e+00 1.410230533548713971e+01 1.997964526649874950e-01
-4.071788452229914590e+00 1.415381400110139509e+01 1.985413360151705997e-01
-4.086259790435095240e+00 1.420411735838681366e+01 1.962235589569022443e-01
-4.100981669838427379e+00 1.425529161394208266e+01 1.927847548652724674e-01
-4.115714957434031263e+00 1.430650552515073315e+01 1.882906840613084720e-01
-4.130713720636332020e+00 1.435864224765056463e+01 1.826867613619410635e-01
-4.145365689888746097e+00 1.440957349075946325e+01 1.762728042246761440e-01
-4.159975810533369511e+00 1.446035926525725124e+01 1.690246746907815845e-01
-4.174520369045683132e+00 1.451091714131750798e+01 1.610437659283088518e-01
-4.189273047858758758e+00 1.456219845771888011e+01 1.522594022457401386e-01
-4.203796526622816110e+00 1.461268305913839605e+01 1.430301288953981786e-01
-4.218484040035743732e+00 1.466373785617025227e+01 1.332143817830763466e-01
-4.233266067628840723e+00 1.471512119093000770e+01 1.229574974430666517e-01
-4.247713700327087061e+00 1.476534214625867136e+01 1.126783285698090692e-01
-4.262247014178190518e+00 1.481586093511065627e+01 1.021987967340881320e-01
-4.276649521288638844e+00 1.486592503082250261e+01 9.178931174711767171e-02
-4.291525173248342817e+00 1.491763381025760893e+01 8.113264001997791408e-02
-4.305978449634378258e+00 1.496787438342943588e+01 7.098652564330734660e-02
-4.320663667115434592e+00 1.501892119964572636e+01 6.100272985891361938e-02
-4.335320264172483284e+00 1.506986852931874665e+01 5.147672706450531765e-02
-4.349856671566806554e+00 1.512039807153767335e+01 4.256686103758072076e-02
-4.364748635577119451e+00 1.517216355277175488e+01 3.409784703294750641e-02
-4.379100947360390350e+00 1.522205316610738279e+01 2.665773498975317068e-02
-4.393683627962861493e+00 1.527274355714963150e+01 1.990766524236403656e-02
-4.408234212795237639e+00 1.532332238110889477e+01 1.405994665458165649e-02
-4.422889122427375419e+00 1.537426384517798894e+01 9.132003505685867828e-03
-4.437595905826379195e+00 1.542538562599397878e+01 5.212433208561767506e-03
-4.452095840264582272e+00 1.547578838573315352e+01 2.397197907218429069e-03
-4.466986995881278233e+00 1.552755105693596249e+01 6.229389360279946608e-04
-4.481350919614035533e+00 1.557748103419892871e+01 3.016078885281769928e-06
-4.496152271104547182e+00 1.562893154014230568e+01 4.926966715110697725e-04
-4.510526168711489703e+00 1.567889618727128997e+01 2.059234584208369245e-03
-4.525432429870674511e+00 1.573071136636866996e+01 4.800972727773439308e-03
-4.539535612794641573e+00 1.577973499082048114e+01 8.413822778633381350e-03
-4.554207013905382517e+00 1.583073378039248347e+01 1.318241020553516385e-02
-4.568932856345068849e+00 1.588192181173205242e+01 1.895108860143573937e-02
-4.583380558713352926e+00 1.593214300923851390e+01 2.550429998434355916e-02
-4.598165858171791243e+00 1.598353771722505279e+01 3.305172587226982983e-02
-4.612751300970098889e+00 1.603423770984817054e+01 4.124729809969214511e-02
-4.627377207822424232e+00 1.608507835827917631e+01 5.012166711389801771e-02
-4.641788477322506878e+00 1.613517291265422315e+01 5.941198766602873854e-02
-4.656390378561443555e+00 1.618593011593799957e+01 6.927420158544814188e-02
-4.671188532280146966e+00 1.623736950620876129e+01 7.961795873732510631e-02
-4.685712721982708828e+00 1.628785657889894267e+01 8.999782536642947361e-02
-4.700504024537862868e+00 1.633927215405855549e+01 1.006812451693485655e-01
-4.715014812987419646e+00 1.638971264308049314e+01 1.111552441308555905e-01
-4.729720035169338921e+00 1.644082899699956002e+01 1.216437642757887544e-01
-4.744359658863353424e+00 1.649171732610657060e+01 1.318425890140899337e-01
-4.758879156067673755e+00 1.654218808735324586e+01 1.416056221574779894e-01
-4.773226548372142553e+00 1.659206060024547824e+01 1.508028652340822340e-01
-4.787719644087874649e+00 1.664243958811954016e+01 1.595380277508735567e-01
-4.802642553759716826e+00 1.669431263858089665e+01 1.678480815129212433e-01
-4.816997369517332928e+00 1.674421095590190234e+01 1.750974638628294278e-01
-4.831741306814138603e+00 1.679546188619731240e+01 1.817003977459231701e-01
-4.846411483999250258e+00 1.684645642132046106e+01 1.873488093303574964e-01
-4.860931413738390106e+00 1.689692868608763021e+01 1.919717389572211386e-01
-4.875817078830793072e+00 1.694867227185402214e+01 1.956583248942064812e-01
-4.890200289137729861e+00 1.699866929056250342e+01 1.981681323454326238e-01
-4.904820675883643233e+00 1.704949075072762810e+01 1.996309694136813584e-01
-4.919173973967949642e+00 1.709938379251283536e+01 1.999839866030206081e-01
-4.934048616956208555e+00 1.715108906469447447e+01 1.992135079134051412e-01
-4.948702834726161903e+00 1.720202812380349400e+01 1.973320815923332860e-01
-4.963170153633668313e+00 1.725231750973642875e+01 1.944025300517004395e-01
-4.977939919438291838e+00 1.730365822168426959e+01 1.903463364780676736e-01
-4.992402909679977796e+00 1.735393256087997571e+01 1.853754850087190043e-01
-5.007156042730643186e+00 1.740521545624214994e+01 1.793433182381959923e-01
-5.021574183161765959e+00 1.745533389444148753e+01 1.725751834679400409e-01
-5.036162282268510815e+00 1.750604312057366130e+01 1.649247717843147776e-01
-5.050643821328438143e+00 1.755638193672498559e+01 1.566155220963084405e-01
-5.065277724752915489e+00 1.760725038178545887e+01 1.475885618838429503e-01
-5.080096029147799008e+00 1.765875981717914200e+01 1.379054097544439583e-01
-5.094531409733966676e+00 1.770893818333169278e+01 1.280530539976066084e-01
-5.109340910130721447e+00 1.776041701542821372e+01 1.176287313944648777e-01
-5.123786857754038415e+00 1.781063211332164542e+01 1.072645730469442837e-01
-5.138524924520728732e+00 1.786186263725451440e+01 9.660997789649644618e-02
-5.152856779715528468e+00 1.791168114209526152e+01 8.628489531922414746e-02
-5.167506180852926789e+00 1.796260345826144444e+01 7.588410630555668390e-02
-5.182505922338679127e+00 1.801474358134118603e+01 6.551587690602531100e-02
-5.196664400602494460e+00 1.806395941616063539e+01 5.609926740411326496e-02
-5.211475748084664517e+00 1.811544466885187177e+01 4.674247800335118441e-02
-5.225937336216833984e+00 1.816571413421939596e+01 3.819524478544307489e-02
-5.240731291348101450e+00 1.821713892991425254e+01 3.015153527304541281e-02
-5.255370213365303300e+00 1.826802481994486982e+01 2.297856854891636158e-02
-5.269947575959766262e+00 1.831869672522905645e+01 1.669317961587583887e-02
-5.284338324592473768e+00 1.836871994767136940e+01 1.139587817894179012e-02
-5.298923054793466925e+00 1.841941746325768392e+01 7.006253875154772048e-03
-5.313699821883983709e+00 1.847078251215216582e+01 3.613772237587326019e-03
-5.328064898489990320e+00 1.852071649688107158e+01 1.370323687214569652e-03
-5.342902342101393920e+00 1.857229246149500668e+01 1.704974658634228479e-04
-5.357431931231908528e+00 1.862279830296452232e+01 1.090500256679394209e-04
-5.372054639483019756e+00 1.867362783283984129e+01 1.160373829660235612e-03
-5.386782967235434150e+00 1.872482450329573567e+01 3.336209769398218450e-03
-5.401240554731545629e+00 1.877508006217982839e+01 6.538504246081461302e-03
-5.415681478785705494e+00 1.882527769780470450e+01 1.075676809138377543e-02
-5.430202283132645746e+00 1.887575300276815682e+01 1.597939155742332529e-02
-5.444977890991140157e+00 1.892711402209316773e+01 2.224409304423893841e-02
-5.459496708083183769e+00 1.897758241922324274e+01 2.926484901727424703e-02
-5.474588129256781066e+00 1.903004122714250101e+01 3.738767596800225690e-02
-5.488917586226399692e+00 1.907985139558916998e+01 4.579197371984015247e-02
-5.503397707556344720e+00 1.913018528361451231e+01 5.487551379905714066e-02
-5.518279866061730488e+00 1.918191668024558894e+01 6.472572019579306279e-02
-5.532635501824636926e+00 1.923181784796083704e+01 7.461574998839054507e-02
-5.547227669855135268e+00 1.928254121794912379e+01 8.494843938215317081e-02
-5.561540838273959508e+00 1.933229476628376986e+01 9.524711559524734472e-02
-5.576374660563957697e+00 1.938385814293784293e+01 1.059727016640579639e-01
-5.590900198049994607e+00 1.943434990061518519e+01 1.164096471969962993e-01
-5.605526181760536630e+00 1.948519081621058646e+01 1.267355550103411166e-01
-5.620230975416427910e+00 1.953630568054399319e+01 1.368154720766946719e-01
-5.634757466165526196e+00 1.958680075182866531e+01 1.463649398416787262e-01
-5.649515638544047036e+00 1.963810116423770680e+01 1.555423221889874752e-01
-5.663911340108233716e+00 1.968814160340719965e+01 1.638856998947416654e-01
-5.678574510201615411e+00 1.973911178140222233e+01 1.716719307612408763e-01
-5.693044371236107182e+00 1.978941000394171112e+01 1.785660429470571353e-01
-5.707692910759720739e+00 1.984032932507968994e+01 1.846689336584033669e-01
-5.722486149008413570e+00 1.989175162884188808e+01 1.898678725008016988e-01
-5.736887706449889990e+00 1.994181242343970339e+01 1.939418529674328540e-01
-5.751764169429660178e+00 1.999352402203580326e+01 1.970801044590390905e-01
-5.766200102952637963e+00 2.004370431023437149e+01 1.990518210861985104e-01
-5.780956068422113958e+00 2.009499705127725733e+01 1.999517323095948429e-01
-5.795333089292629580e+00 2.014497255508315732e+01 1.997341533460944563e-01
-5.809891990156399899e+00 2.019558028613397482e+01 1.984154792757788777e-01
-5.824537610588357062e+00 2.024648946031052787e+01 1.959885741092266820e-01
-5.839032089890222821e+00 2.029687325762423100e+01 1.925267365222097793e-01
-5.853829645331297016e+00 2.034831056824120310e+01 1.879444063373597595e-01
-5.868227507910772189e+00 2.039835851924703647e+01 1.825189424774765201e-01
-5.883007237083782037e+00 2.044973386454201858e+01 1.760199007696862106e-01
-5.897628362691508030e+00 2.050055789304113318e+01 1.687360573320900170e-01
-5.912218868179251352e+00 2.055127548391756420e+01 1.607015547247373222e-01
-5.926649281457582852e+00 2.060143658336973971e+01 1.520903107764238760e-01
-5.941215210286446613e+00 2.065206874410591809e+01 1.428233549444459238e-01
-5.956131355191116583e+00 2.070391827977581656e+01 1.328422021106956674e-01
-5.970476049993355794e+00 2.075378141596656434e+01 1.228815990783416467e-01
-5.985281222138993051e+00 2.080524520276739153e+01 1.123443631945925947e-01
-5.999867557239078053e+00 2.085594829709226516e+01 1.018239246208585830e-01
-6.014501107613401842e+00 2.090681551492635748e+01 9.124916198498718434e-02
-6.029263358315601451e+00 2.095813010386629571e+01 8.068104047804577905e-02
-6.043648035287428222e+00 2.100813222080182996e+01 7.059397754796724322e-02
-6.058110947703258198e+00 2.105840628946955917e+01 6.077298075646184877e-02
-6.072552574954807270e+00 2.110860636945645297e+01 5.139445587073429578e-02
-6.087341753679672784e+00 2.116001456203732189e+01 4.234035731676112635e-02
-6.101905191528206096e+00 2.121063806395620333e+01 3.406827383448784996e-02
-6.116553535588657553e+00 2.126155670565091427e+01 2.648568224061600973e-02
-6.131273467410308875e+00 2.131272419127960660e+01 1.969693391180926678e-02
-6.145749277491943552e+00 2.136304309311217153e+01 1.390762735123117488e-02
-6.160687030475991754e+00 2.141496773993777936e+01 8.923045291075917818e-03
-6.174986965596367838e+00 2.146467528842565997e+01 5.146064275285786027e-03
-6.189640272541160115e+00 2.151561118144438112e+01 2.328073407933201056e-03
-6.204193453135392389e+00 2.156619902844866132e+01 6.145616999213288079e-04
-6.218854231915304176e+00 2.161716089407518382e+01 1.183549646566195435e-06
-6.233533466758306218e+00 2.166818691423410570e+01 5.129075291585294405e-04
-6.248478841423349195e+00 2.172013805454198376e+01 2.185297042660211408e-03
-6.262828861421774640e+00 2.177001970147739129e+01 4.866339581594242292e-03
-6.277346774462133183e+00 2.182048495606223071e+01 8.620941837069906466e-03
-6.292038035818995567e+00 2.187155278120248880e+01 1.344525505939371535e-02
-6.306467167666268914e+00 2.192170942631302566e+01 1.913457789899145056e-02
-6.320935347772857149e+00 2.197200180583262963e+01 2.572310055576823573e-02
-6.335709042055284179e+00 2.202335617343689478e+01 3.328903942707447938e-02
-6.350119645128276424e+00 2.207344841126598212e+01 4.140318707358832395e-02
-6.364995707090625565e+00 2.212515861589820787e+01 5.044575204493344928e-02
-6.379334296088136291e+00 2.217500052789583620e+01 5.970549572535899241e-02
-6.394157729939575319e+00 2.222652779362989151e+01 6.973246619491541010e-02
-6.408678056825579894e+00 2.227700143890661266e+01 7.989231043254622910e-02
-6.423418366303972782e+00 2.232823975865811761e+01 9.043223816193886322e-02
-6.437687342215866693e+00 2.237783969082859770e+01 1.007399057852256946e-01
-6.452354505618893121e+00 2.242882374983994254e+01 1.113259233814028609e-01
-6.467047955084948008e+00 2.247989918099679230e+01 1.218031219346957239e-01
-6.481478940929346955e+00 2.253006227072761547e+01 1.318542839518646592e-01
-6.496346251699032237e+00 2.258174205561807213e+01 1.418454883136278655e-01
-6.510944365597286065e+00 2.263248609384766752e+01 1.511859197859631854e-01
-6.525532022631050921e+00 2.268319378330405200e+01 1.599499948965792950e-01
-6.540443707685642316e+00 2.273502781623130531e+01 1.682186542271002783e-01
-6.554771955382456383e+00 2.278483378116333924e+01 1.754177494417820948e-01
-6.569322678172566654e+00 2.283541308467308184e+01 1.818997810730259845e-01
-6.583692976299108324e+00 2.288536521976302041e+01 1.874118618076445197e-01
-6.598559046831527830e+00 2.293704069350426522e+01 1.921203027993141355e-01
-6.612988318571813906e+00 2.298719782489244423e+01 1.956728672689641013e-01
-6.627649901321847281e+00 2.303816248517387066e+01 1.982157033853212957e-01
-6.642306169657961945e+00 2.308910867219053742e+01 1.996543846646390286e-01
-6.656813183622617203e+00 2.313953604084586502e+01 1.999762804804154914e-01
-6.671652776499403359e+00 2.319111947645265914e+01 1.991674042593150618e-01
-6.686044376378330156e+00 2.324114565788481457e+01 1.972922120575407723e-01
-6.700673109981864606e+00 2.329199613229555865e+01 1.943065018757934026e-01
-6.715105510238624120e+00 2.334216413862008821e+01 1.903266790376089423e-01
-6.729900308736762149e+00 2.339359186591562789e+01 1.852262758536838971e-01
-6.744721284922313487e+00 2.344511058863565722e+01 1.791389943464040402e-01
-6.759121060386684476e+00 2.349516518895967820e+01 1.723535191551081036e-01
-6.774284623502400571e+00 2.354787476718353290e+01 1.643617303163327770e-01
-6.788464012177574780e+00 2.359716328801712848e+01 1.561866146624603102e-01
-6.803203025157381845e+00 2.364839710105124126e+01 1.470640506802839420e-01
-6.817503782909497545e+00 2.369810750906308172e+01 1.377007862922005332e-01
-6.832120182842773559e+00 2.374891511079592732e+01 1.277150494068511888e-01
-6.846740255244109896e+00 2.379973547827789204e+01 1.174171351487360432e-01
-6.861250598303065829e+00 2.385017441909176483e+01 1.070037308352983635e-01
-6.876079169628644294e+00 2.390171954303585622e+01 9.628320617421040617e-02
-6.890591362952402044e+00 2.395216491549620841e+01 8.583189853172377981e-02
-6.905346375297050976e+00 2.400345434341227602e+01 7.536635461672762382e-02
-6.920041957440384195e+00 2.405453718790060691e+01 6.522147878349343619e-02
-6.934552168347442702e+00 2.410497566934548175e+01 5.558940856648961204e-02
-6.948981650618419437e+00 2.415513353255268214e+01 4.649555966563078541e-02
-6.963485502475689870e+00 2.420554990950736141e+01 3.794196452671937808e-02
-6.978365891859750647e+00 2.425727515655221112e+01 2.987646325052235874e-02
-6.992721062326331172e+00 2.430717470686573733e+01 2.286397217729672915e-02
-7.007565075103510566e+00 2.435877350634735450e+01 1.648756200702777841e-02
-7.022230224295971546e+00 2.440975056382557895e+01 1.113248459088601872e-02
-7.036727030632404123e+00 2.446014245006993448e+01 6.820780326623726575e-03
-7.051422137803016632e+00 2.451122364352073646e+01 3.495236112729269151e-03
-7.065855381288412396e+00 2.456139458096544104e+01 1.289402470661948907e-03
-7.080186771186886219e+00 2.461121146840446627e+01 1.628905177898654077e-04
-7.094713047534735750e+00 2.466170579441579491e+01 1.151763265136579450e-04
-7.109815968135178466e+00 2.471420457512602553e+01 1.233918110437562388e-03
-7.124020317622080434e+00 2.476357986144134316e+01 3.361291440240887773e-03
-7.138913471414174872e+00 2.481534947843793759e+01 6.686128903562682524e-03
-7.153380143385613010e+00 2.486563661557703497e+01 1.095226182245276347e-02
-7.167919051298427213e+00 2.491617484976855224e+01 1.622130785850633972e-02
-7.182784719569316856e+00 2.496784892522132182e+01 2.256562267100566122e-02
-7.197177936788413888e+00 2.501788072863806889e+01 2.956154832518870235e-02
-7.211827069198522011e+00 2.506880211068988729e+01 3.746480826877904291e-02
-7.226194847868486981e+00 2.511874548797715789e+01 4.589843212745880335e-02
-7.240961720984187444e+00 2.517007614474126953e+01 5.517385838297184097e-02
-7.255573551724131320e+00 2.522086786364686972e+01 6.485533686873412584e-02
-7.270224322762477875e+00 2.527179494168205309e+01 7.495638890982753155e-02
-7.284933911486389135e+00 2.532292647399849983e+01 8.538056453936260226e-02
-7.299342797690584916e+00 2.537301274387471040e+01 9.575279987016170613e-02
-7.314178702202377202e+00 2.542458335847356210e+01 1.064794157890597281e-01
-7.328606230256432319e+00 2.547473442868963289e+01 1.168403387010258643e-01
-7.343179359843143850e+00 2.552539161975055393e+01 1.271194081320223823e-01
-7.357868752135352963e+00 2.557645294789476864e+01 1.371754240552927884e-01
-7.372329858936028657e+00 2.562672074012123602e+01 1.466660406496880231e-01
-7.387548219195527288e+00 2.567962079694926913e+01 1.561007210825289537e-01
-7.401531960165571356e+00 2.572822923303371212e+01 1.641737622040262412e-01
